821020208451
821020258839
821020288624
821020251705
821020227736
821020288358
821020282054
821020295138
821020209307
821020254940
821020223059
821020214958
821020201013
821020260776
821020277856
821020293792
821020224890
821020212718
821020215371
821020274584
821020281703
821020233427
821020220605
821020241979
821020225380
821020239869
821020256633
821020234776
821020282649
821020267507
821020251617
821020252724
821020214945
821020294181
821020231990
821020287458
821020254948
821020243987
821020295001
821020235762
821020276700
821020246596
821020248937
821020276501
821020272936
821020256541
821020233264
821020202786
821020273114
821020258723
821020209804
821020267473
821020293174
821020210709
821020248165
821020239978
821020285637
821020297014
821020299097
821020299006
821020278782
821020270125
821020202614
821020264108
821020261115
821020211936
821020231160
821020236628
821020284190
821020263099
821020266878
821020255885
821020212304
821020210752
821020210906
821020202172
821020259893
821020240263
821020213452
821020239943
821020269835
821020201168
821020250777
821020264891
821020244823
821020210309
821020256066
821020280452
821020268162
821020291254
821020203650
821020295977
821020276543
821020268505
821020273562
821020207342
821020257537
821020240301
821020280673
821020237406Conta